iteration 1 1000
2527540.000000
iteration 1 1500
9082699.000000
iteration 1 2000
32364097.000000
iteration 1 2500
63704853.000000
iteration 1 5000
761245737.000000
iteration 1 6000
1284750141.000000
iteration 1 7000
2220801668.000000
iteration 1 8000
3513264356.000000
iteration 2 1000
2607787.000000
iteration 2 1500
9699836.000000
iteration 2 2000
31260258.000000
iteration 2 2500
70548423.000000
iteration 2 5000
810478250.000000
iteration 2 6000
1343310025.000000
iteration 3 1000
2629623.000000
iteration 3 2000
29399072.000000
iteration 3 2500
66773863.000000
iteration 3 5000
711482349.000000
iteration 3 6000
1281653677.000000
iteration 4 1000
2841356.000000
iteration 4 2000
33895135.000000
iteration 4 2500
69415091.000000
iteration 4 5000
719478643.000000
iteration 4 6000
1247865059.000000
iteration 5 1000
3022946.000000
iteration 5 2000
33433771.000000
iteration 5 2500
71264799.000000
iteration 5 5000
718463147.000000
iteration 5 6000
1249923026.000000
iteration 6 1000
3000392.000000
iteration 6 2000
33731505.000000
iteration 6 2500
70100008.000000
iteration 6 5000
718072182.000000
iteration 6 6000
1248679723.000000
iteration 7 1000
3039261.000000
iteration 7 2000
33317396.000000
iteration 7 2500
70071316.000000
iteration 7 5000
720604034.000000
iteration 7 6000
1263148465.000000
iteration 8 1000
2941151.000000
iteration 8 2000
33033288.000000
iteration 8 2500
69384275.000000
iteration 8 5000
723186311.000000
iteration 8 6000
1250001426.000000
iteration 9 1000
3041326.000000
iteration 9 2000
34166110.000000
iteration 9 2500
71228657.000000
iteration 9 5000
720029421.000000
iteration 9 6000
1248314974.000000
iteration 10 1000
3037957.000000
iteration 10 2000
36634838.000000
iteration 10 2500
75534655.000000
iteration 10 5000
720699129.000000
iteration 10 6000
1249605856.000000
