iteration 1 1000
6636359.000000
iteration 1 1500
39262316.000000
iteration 1 2000
122291743.000000
iteration 1 2500
265825183.000000
iteration 1 5000
2613904697.000000
iteration 1 6000
4357999395.000000
iteration 1 7000
6843910669.000000
iteration 1 8000
10785255627.000000
iteration 2 1000
1812350.000000
iteration 2 1500
9293311.000000
iteration 2 2000
32076834.000000
iteration 2 2500
80039352.000000
iteration 2 5000
817083221.000000
iteration 2 6000
1313273636.000000
iteration 3 1000
1847068.000000
iteration 3 2000
31355326.000000
iteration 3 2500
68422881.000000
iteration 3 5000
756519349.000000
iteration 3 6000
676321790.000000
iteration 4 1000
2134959.000000
iteration 4 2000
34589511.000000
iteration 4 2500
77291472.000000
iteration 4 5000
788416178.000000
iteration 4 6000
1390828835.000000
iteration 5 1000
2054557.000000
iteration 5 2000
38802329.000000
iteration 5 2500
82832888.000000
iteration 5 5000
751578568.000000
iteration 5 6000
1259161363.000000
iteration 6 1000
1917065.000000
iteration 6 2000
33203009.000000
iteration 6 2500
74564885.000000
iteration 6 5000
683113100.000000
iteration 6 6000
1405449418.000000
iteration 7 1000
2137954.000000
iteration 7 2000
33781742.000000
iteration 7 2500
73068431.000000
iteration 7 5000
766179027.000000
iteration 7 6000
1289883063.000000
iteration 8 1000
2208125.000000
iteration 8 2000
36635111.000000
iteration 8 2500
78006994.000000
iteration 8 5000
762658295.000000
iteration 8 6000
1328799377.000000
iteration 9 1000
2144493.000000
iteration 9 2000
33419887.000000
iteration 9 2500
74727128.000000
iteration 9 5000
770889143.000000
iteration 9 6000
1395784549.000000
iteration 10 1000
2148307.000000
iteration 10 2000
38822542.000000
iteration 10 2500
76597323.000000
iteration 10 5000
797482801.000000
iteration 10 6000
1415927410.000000
