iteration 1 1000
2494109.000000
iteration 1 1000
2360956.000000
iteration 1 1500
11138952.000000
iteration 1 2000
42062745.000000
iteration 1 2500
85761447.000000
iteration 1 5000
892108815.000000
iteration 1 6000
1618517332.000000
iteration 1 7000
2950110964.000000
iteration 1 8000
4547691732.000000iteration 2 1000
2906854.000000
iteration 2 1500
9414371.000000
iteration 2 2000
54104359.000000
iteration 2 2500
104837764.000000
iteration 2 5000
950440547.000000
iteration 2 6000
1668927909.000000
iteration 3 1000
2821756.000000
iteration 3 2000
40213022.000000
iteration 3 2500
88553180.000000
iteration 3 5000
928587267.000000
iteration 3 6000
1865196170.000000
iteration 4 1000
2711250.000000
iteration 4 2000
36856813.000000
iteration 4 2500
96927781.000000
iteration 4 5000
994439862.000000
iteration 4 6000
1629910122.000000
iteration 5 1000
3457188.000000
iteration 5 2000
41869916.000000
iteration 5 2500
99341955.000000
iteration 5 5000
1051757175.000000
iteration 5 6000
1663419355.000000
iteration 6 1000
2938907.000000
iteration 6 2000
37612931.000000
iteration 6 2500
108933437.000000
iteration 6 5000
998200290.000000
iteration 6 6000
1621925009.000000
iteration 7 1000
3877667.000000
iteration 7 2000
46653228.000000
iteration 7 2500
103444416.000000
iteration 7 5000
1139585240.000000
iteration 7 6000
1584287079.000000
iteration 8 1000
3115849.000000
iteration 8 2000
36790434.000000
iteration 8 2500
83020466.000000
iteration 8 5000
982718887.000000
iteration 8 6000
1647364174.000000
iteration 9 1000
2936958.000000
iteration 9 2000
59447309.000000
iteration 9 2500
82811572.000000
iteration 9 5000
1022216003.000000
iteration 9 6000
1755035224.000000
iteration 10 1000
3933980.000000
iteration 10 2000
47180048.000000
iteration 10 2500
87076928.000000
iteration 10 5000
1050750714.000000
iteration 10 6000
1837211311.000000
