iteration 1 1000
4416655.000000
iteration 1 1000
3957507.000000
iteration 1 1500
14438546.000000
iteration 1 2000
58548116.000000
iteration 1 2500
115290032.000000
iteration 1 5000
1479719292.000000
iteration 1 6000
2386958955.000000
iteration 1 7000
4279139516.000000
iteration 1 8000
6621612442.000000
iteration 2 1000
3741158.000000
iteration 2 1500
14723428.000000
iteration 2 2000
55839348.000000
iteration 2 2500
167888405.000000
iteration 2 5000
1675339815.000000
iteration 2 6000
2601969837.000000
iteration 3 1000
3926205.000000
iteration 3 2000
54703513.000000
iteration 3 2500
116328000.000000
iteration 3 5000
1375105216.000000
iteration 3 6000
2984673193.000000
iteration 4 1000
4563507.000000
iteration 4 2000
63013272.000000
iteration 4 2500
139132134.000000
iteration 4 5000
1413847621.000000
iteration 4 6000
2658586479.000000
iteration 5 1000
3947527.000000
iteration 5 2000
60500778.000000
iteration 5 2500
142810165.000000
iteration 5 5000
1406892833.000000
iteration 5 6000
2736230151.000000
iteration 6 1000
4055376.000000
iteration 6 2000
57066071.000000
iteration 6 2500
140212333.000000
iteration 6 5000
1431504810.000000
iteration 6 6000
2741251991.000000
iteration 7 1000
5391830.000000
iteration 7 2000
65926766.000000
iteration 7 2500
152111439.000000
iteration 7 5000
1629768518.000000
iteration 7 6000
2744014107.000000
iteration 8 1000
4867459.000000
iteration 8 2000
65335420.000000
iteration 8 2500
144114222.000000
iteration 8 5000
1388667985.000000
iteration 8 6000
2662163069.000000
iteration 9 1000
4445253.000000
iteration 9 2000
54412310.000000
iteration 9 2500
152177154.000000
iteration 9 5000
1404092697.000000
iteration 9 6000
2722703878.000000
iteration 10 1000
4031613.000000
iteration 10 2000
60699494.000000
iteration 10 2500
144135916.000000
iteration 10 5000
1444422378.000000
iteration 10 6000
2692548745.000000
