iteration 1 1000
iteration 1 1000
5053327.000000
iteration 1 1500
20759706.000000
iteration 1 2000
73664453.000000
iteration 1 2500
165497070.000000
iteration 1 5000
1993569662.000000
iteration 1 6000
3269777782.000000
iteration 1 7000
5342800429.000000
iteration 1 8000
8632423570.000000
iteration 2 1000
4320006.000000
iteration 2 1500
21708702.000000
iteration 2 2000
76733505.000000
iteration 2 2500
194367570.000000
iteration 2 5000
2123491955.000000
iteration 2 6000
3545958832.000000
iteration 3 1000
4812807.000000
iteration 3 2000
75144776.000000
iteration 3 2500
169014813.000000
iteration 3 5000
1848599382.000000
iteration 3 6000
3926492754.000000
iteration 4 1000
5664833.000000
iteration 4 2000
90341253.000000
iteration 4 2500
193058745.000000
iteration 4 5000
1905283071.000000
iteration 4 6000
3304178603.000000
iteration 5 1000
4929368.000000
iteration 5 2000
88859176.000000
iteration 5 2500
194518866.000000
iteration 5 5000
1865269349.000000
iteration 5 6000
3264943230.000000
iteration 6 1000
5316002.000000
iteration 6 2000
85777810.000000
iteration 6 2500
194102031.000000
iteration 6 5000
1865421406.000000
iteration 6 6000
3297057418.000000
iteration 7 1000
5453280.000000
iteration 7 2000
90845495.000000
iteration 7 2500
191141821.000000
iteration 7 5000
2002268209.000000
iteration 7 6000
3274197811.000000
iteration 8 1000
5459133.000000
iteration 8 2000
90959237.000000
iteration 8 2500
195724933.000000
iteration 8 5000
1892895508.000000
iteration 8 6000
3286911338.000000
iteration 9 1000
5700164.000000
iteration 9 2000
92922390.000000
iteration 9 2500
192834014.000000
iteration 9 5000
1885671950.000000
iteration 9 6000
3311914290.000000
iteration 10 1000
5600690.000000
iteration 10 2000
90390898.000000
iteration 10 2500
195861542.000000
iteration 10 5000
1897626624.000000
iteration 10 6000
3325806239.000000
