1000
2560.68
1000
3361.633
1000
3590.441
1000
6732.368
1000
4807.643
1000
3361.021
1000
3228.256
1000
3410.647
2000
88547.075
2000
61665.347
2000
50509.051
2000
45965.877
2000
48416.549
2500
198602.425
2500
120470.763
2500
102277.513
2500
93885.01300000001
2500
93972.011
5000
1692421.475
5000
1182583.666
5000
1000164.56
5000
841175.772
5000
900174.866
6000
3067941.764
6000
2130004.058
6000
1796902.328
6000
1602245.14
6000
1659206.435
1000
3586.774
1000
3194.917
1000
2333.932
1000
2507.685
1000
2409.709
2000
88026.931
2000
66251.292
2000
53611.906
2000
42228.717
2000
47090.601
2500
176713.839
2500
121031.074
2500
98987.46799999999
2500
91641.041
2500
92732.639
5000
1688744.927
5000
1180947.226
5000
993178.427
5000
831790.54
5000
895098.036
6000
3014499.213
6000
2125666.889
6000
1793287.304
6000
1593614.862
6000
1627494.349
1000
3096.351
1000
2319.858
1000
2424.047
1000
2318.726
1000
2428.112
2000
99243.63099999999
2000
76720.83900000001
2000
51532.884
2000
43106.226
2000
45947.526
2500
194473.512
2500
134795.772
2500
108589.476
2500
98728.49400000001
2500
100439.188
1000
3058.704
1000
2173.95
1000
2021.12
1000
2148.257
1000
2120.836
2000
76774.454
2000
52924.453
2000
45177.662
2000
40907.198
2000
42567.914
2500
202462.769
2500
122405.79
2500
99904.04399999999
2500
93066.13800000001
2500
92161.133
5000
1743951.832
5000
1204946.295
5000
1000094.658
5000
854741.4889999999
5000
904555.834
1000
3323.318
1000
2834.71
1000
1911.034
1000
2285.277
1000
2036.558
1000
6263.025
1000
2784.406
1000
2475.68
1000
2384.538
1000
2086.565
2000
87183.439
2000
68228.79399999999
2000
51433.576
2000
43940.273
2000
47134.909
2500
178176.936
2500
113647.32
2500
97221.68399999999
2500
89976.30499999999
2500
88929.902
5000
1706805.045
5000
1160794.549
5000
1006441.58
5000
834227.442
5000
884471.303
6000
3006270.336
6000
2054602.719
6000
1781888.447
6000
1583208.291
6000
1629239.319
1000
3759.241
1000
2765.675
1000
2391.101
1000
2470.111
1000
2486.049
2000
85842.556
2000
60699.763
2000
53515.839
2000
44107.482
2000
48126.911
2500
174366.699
2500
112377.549
2500
95791.8
2500
88316.959
2500
88955.148
5000
1681233.823
5000
1170199.289
5000
969963.7290000001
5000
848114.924
5000
896389.013
6000
2997734.67
6000
2063255.842
6000
1763324.516
6000
1599870.464
6000
1648095.411
1000
4570.001
1000
2744.038
1000
2233.751
1000
2309.81
1000
2513.033
2000
81525.27499999999
2000
61681.86
2000
53742.219
2000
43695.361
2000
45253.51
