iteration 1 1000
6734603.000000
iteration 1 1500
39478299.000000
iteration 1 2000
124320692.000000
iteration 1 2500
265529467.000000
iteration 1 5000
2568537874.000000
iteration 1 6000
4314850895.000000
iteration 1 7000
6818176039.000000
iteration 1 8000
10519008704.000000
iteration 2 1000
6715520.000000
iteration 2 1500
41102213.000000
iteration 2 2000
131498404.000000
iteration 2 2500
292219178.000000
iteration 2 5000
2512102031.000000
iteration 2 6000
4687705833.000000
iteration 3 1000
6448684.000000
iteration 3 2000
123315197.000000
iteration 3 2500
261307038.000000
iteration 3 5000
2402233270.000000
iteration 3 6000
4382131282.000000
iteration 4 1000
8016411.000000
iteration 4 2000
142950165.000000
iteration 4 2500
297237333.000000
iteration 4 5000
2486603894.000000
iteration 4 6000
4870691625.000000
iteration 5 1000
8060038.000000
iteration 5 2000
147855307.000000
iteration 5 2500
304690020.000000
iteration 5 5000
2411774886.000000
iteration 5 6000
4243821233.000000
iteration 6 1000
7904749.000000
iteration 6 2000
143231519.000000
iteration 6 2500
297579160.000000
iteration 6 5000
2450580001.000000
iteration 6 6000
4779420336.000000
iteration 7 1000
7291922.000000
iteration 7 2000
146176802.000000
iteration 7 2500
298771139.000000
iteration 7 5000
2453322820.000000
iteration 7 6000
4794822536.000000
iteration 8 1000
8082646.000000
iteration 8 2000
144355828.000000
iteration 8 2500
302755646.000000
iteration 8 5000
2449536858.000000
iteration 8 6000
4852859938.000000
iteration 9 1000
7918905.000000
iteration 9 2000
143299576.000000
iteration 9 2500
301499485.000000
iteration 9 5000
2490962606.000000
iteration 9 6000
4837262103.000000
iteration 10 1000
8137712.000000
iteration 10 2000
148089142.000000
iteration 10 2500
303186868.000000
iteration 10 5000
2487807083.000000
iteration 10 6000
4943125437.000000
